date,open,high,close,low,volume,price_change,p_change,ma5,ma10,ma20,v_ma5,v_ma10,v_ma20,turnover
2023-09-28,108.15,108.15,105.97,105.51,164757.44,-1.53,-1.42,107.464,108.039,109.2,135641.3,144504.02,133292.7,0.84
2023-09-27,106.89,109.59,107.5,106.28,128544.21,0.67,0.63,107.46,107.987,109.348,132631.69,142156.03,130791.82,0.66
2023-09-26,107.3,108.48,106.83,106.5,97093.85,-0.89,-0.83,107.88,107.989,109.543,125418.09,140762.18,129420.12,0.5
2023-09-25,108.7,109.85,107.72,107.65,125130.42,-1.58,-1.45,108.45,108.206,109.809,128274.91,139477.82,132122.4,0.64
2023-09-22,105.5,109.35,109.3,104.92,162680.56,3.35,3.16,109.262,108.457,109.912,158756.64,140007.35,135871.98,0.83
2023-09-21,108.8,108.8,105.95,105.8,149709.41,-3.65,-3.33,108.614,108.367,109.822,153366.73,133076.54,136604.24,0.77
2023-09-20,109.02,110.26,109.6,108.53,92476.21,-0.08,-0.07,108.514,108.796,110.122,151680.36,128670.28,133921.84,0.47
2023-09-19,111.35,111.6,109.68,109.18,111377.97,-2.1,-1.88,108.098,109.136,110.159,156106.26,128512.43,135213.32,0.57
2023-09-18,105.9,112.22,111.78,105.28,277539.06,5.72,5.39,107.962,109.618,110.329,150680.72,128846.73,139616.85,1.42
2023-09-15,106.05,107.28,106.06,104.14,135731.02,0.61,0.58,107.652,110.032,110.54,121258.06,126395.23,134432.9,0.7
2023-09-14,107.52,107.95,105.45,104.85,141277.55,-2.07,-1.93,108.12,110.361,110.942,112786.34,122081.39,136766.95,0.72
2023-09-13,108.99,109.96,107.52,106.9,114605.71,-1.48,-1.36,109.078,110.708,111.671,105660.19,119427.61,138705.22,0.59
2023-09-12,109.49,110.23,109.0,108.52,84250.28,-1.23,-1.12,110.174,111.096,112.135,100918.59,118078.06,139162.17,0.43
2023-09-11,108.42,111.38,110.23,107.13,130425.76,1.83,1.69,111.274,111.411,112.49,107012.74,124766.98,142599.79,0.67
2023-09-08,109.8,109.8,108.4,108.0,93372.41,-1.84,-1.67,112.412,111.366,112.893,131532.4,131736.61,143427.86,0.48
2023-09-07,112.9,112.9,110.24,110.15,105646.79,-2.76,-2.44,112.602,111.276,113.498,131376.43,140131.94,145016.12,0.54
2023-09-06,113.99,114.0,113.0,112.38,90897.7,-1.5,-1.31,112.338,111.447,114.117,133195.03,139173.41,146522.44,0.47
2023-09-05,115.01,116.0,114.5,114.21,114721.06,-1.42,-1.23,112.018,111.181,114.64,135237.53,141914.22,146512.38,0.59
2023-09-04,110.62,115.96,115.92,110.11,253024.06,6.57,6.01,111.548,111.04,115.108,142521.22,150386.97,147191.08,1.3
2023-09-01,109.9,111.33,109.35,109.08,92592.54,0.43,0.4,110.32,111.048,115.56,131940.82,142470.58,141518.3,0.47
2023-08-31,111.4,111.66,108.92,108.82,114739.77,-2.48,-2.23,109.95,111.522,116.385,148887.46,151452.51,150866.11,0.59
2023-08-30,112.18,112.71,111.4,111.18,101110.21,-0.75,-0.67,110.556,112.633,117.146,145151.79,157982.83,153411.23,0.52
2023-08-29,110.76,112.8,112.15,109.34,151139.53,2.37,2.16,110.344,113.174,117.723,148590.91,160246.28,156519.95,0.77
2023-08-28,114.48,114.49,109.78,109.43,200122.03,2.28,2.12,110.532,113.569,118.297,158252.71,160432.61,160209.18,1.02
2023-08-25,110.99,110.99,107.5,106.89,177325.75,-4.45,-3.98,111.776,114.419,119.097,153000.33,155119.1,169366.57,0.91
2023-08-24,111.1,112.81,111.95,110.34,96061.43,1.61,1.46,113.094,115.719,120.02,154017.57,149900.29,176801.03,0.49
2023-08-23,112.95,113.55,110.34,110.17,118305.82,-2.75,-2.43,114.71,116.786,120.472,170813.88,153871.47,187646.93,0.61
2023-08-22,116.0,116.36,113.09,110.66,199448.53,-2.91,-2.51,116.004,118.099,120.87,171901.64,151110.54,189271.05,1.02
2023-08-21,115.45,118.57,116.0,113.76,173860.14,1.91,1.67,116.606,119.175,121.126,162612.5,143995.2,196339.68,0.89
2023-08-18,119.8,119.96,114.09,114.09,182411.91,-5.94,-4.95,117.062,120.071,120.89,157237.87,140566.03,193971.76,0.93
2023-08-17,115.57,120.32,120.03,115.56,180042.98,3.22,2.76,118.344,121.248,120.871,145783.01,150279.71,193966.01,0.92
2023-08-16,115.5,117.44,116.81,115.19,123744.63,0.71,0.61,118.862,121.658,120.527,136929.07,148839.62,192381.43,0.63
2023-08-15,118.28,118.77,116.1,114.66,153002.84,-2.18,-1.84,120.194,122.271,120.398,130319.43,152793.63,191083.17,0.78
2023-08-14,118.0,119.12,118.28,116.78,146986.98,-2.22,-1.84,121.744,123.025,120.319,125377.9,159985.76,188835.42,0.75
2023-08-11,122.78,123.66,120.5,120.5,125137.61,-2.12,-1.73,123.08,123.774,120.175,123894.2,183614.03,186554.98,0.64
2023-08-10,123.55,124.4,122.62,121.08,135773.28,-0.85,-0.69,124.152,124.321,120.002,154776.42,203701.78,188755.6,0.7
2023-08-09,123.0,125.25,123.47,123.0,90696.45,-0.38,-0.31,124.454,124.158,119.826,160750.17,221422.38,195540.47,0.46
2023-08-08,124.8,124.96,123.85,122.18,128295.16,-1.11,-0.89,124.348,123.641,119.46,175267.84,227431.57,200865.81,0.66
2023-08-07,124.7,126.08,124.96,123.98,139568.5,-0.9,-0.71,124.306,123.077,119.061,194593.61,248684.17,205490.02,0.71
2023-08-04,125.5,128.1,125.86,125.21,279548.69,1.73,1.39,124.468,121.708,118.691,243333.86,247377.48,224097.41,1.43
2023-08-03,122.35,124.8,124.13,121.0,165642.06,1.19,0.97,124.49,120.494,117.881,252627.14,237652.3,216240.23,0.85
2023-08-02,122.7,125.5,122.94,122.31,163284.77,-0.7,-0.57,123.862,119.396,117.225,282094.59,235923.24,216658.77,0.84
2023-08-01,125.15,127.5,123.64,122.78,224924.05,-2.13,-1.69,122.934,118.525,116.719,279595.31,229372.7,215454.06,1.15
2023-07-31,128.24,130.26,125.77,124.47,383269.72,-0.2,-0.16,121.848,117.612,116.302,302774.72,217685.08,212386.01,1.96
2023-07-28,120.02,126.57,125.97,119.53,326015.12,4.98,4.12,118.948,116.575,115.775,251421.11,189495.93,207650.17,1.67
2023-07-27,118.3,123.39,120.99,117.56,312979.28,2.69,2.27,116.498,115.683,115.003,222677.46,173809.42,202294.38,1.6
2023-07-26,118.22,118.9,118.3,117.22,150788.38,0.09,0.08,114.93,115.494,114.498,189751.9,169658.55,202027.69,0.77
2023-07-25,115.0,118.45,118.21,114.51,340821.09,6.94,6.24,114.116,115.279,114.372,179150.09,174300.05,201072.76,1.75
2023-07-24,112.02,112.78,111.27,110.89,126501.67,-2.45,-2.15,113.376,115.045,114.296,132595.45,162295.88,193543.04,0.65
2023-07-21,112.13,116.2,113.72,111.81,182296.89,1.37,1.22,114.202,115.674,114.605,127570.76,200817.34,197499.0,0.93
2023-07-20,115.0,116.66,113.15,113.0,148351.45,-1.08,-0.94,114.868,115.268,115.026,124941.37,194828.16,197460.64,0.76
2023-07-19,113.94,115.3,114.23,113.8,97779.36,-0.28,-0.24,116.058,115.054,115.683,149565.21,197394.3,196378.96,0.5
2023-07-18,115.96,115.97,114.51,113.6,108047.86,-0.89,-0.77,116.442,114.913,116.336,169450.02,201535.41,199987.29,0.55
2023-07-17,116.0,116.2,115.4,114.6,101378.23,-1.65,-1.41,116.714,114.991,117.119,191996.31,207086.93,208369.19,0.52
2023-07-14,120.14,120.14,117.05,116.81,169149.95,-2.05,-1.72,117.146,114.974,117.849,274063.93,225804.41,226175.28,0.87
2023-07-13,118.22,120.48,119.1,117.36,271470.66,2.95,2.54,115.668,114.322,118.053,264714.94,230779.34,230290.37,1.39
2023-07-12,116.46,118.53,116.15,115.33,197203.38,0.28,0.24,114.05,113.501,118.138,245223.39,234396.82,223852.38,1.01
2023-07-11,117.16,117.87,115.87,115.41,220779.31,-1.69,-1.44,113.384,113.465,118.331,233620.8,227845.47,225306.42,1.13
2023-07-10,112.99,120.63,117.56,112.35,511716.34,7.9,7.2,113.268,113.547,118.377,222177.56,224790.2,222298.82,2.62
2023-07-07,110.59,111.53,109.66,109.6,122405.01,-1.35,-1.22,112.802,113.535,118.378,177544.89,194180.67,204502.45,0.63
2023-07-06,112.99,114.5,111.01,110.58,174012.91,-1.81,-1.6,112.976,114.784,118.724,196843.73,200093.13,206017.87,0.89
2023-07-05,115.45,115.66,112.82,112.65,139190.44,-2.47,-2.14,112.952,116.311,119.059,223570.24,195363.63,206752.3,0.71
2023-07-04,114.9,116.45,115.29,113.67,163563.09,0.06,0.05,113.546,117.759,119.396,222070.15,198439.18,207054.29,0.84
2023-07-03,110.48,116.34,115.23,109.6,288553.0,4.7,4.25,113.826,119.246,119.772,227402.83,209651.44,208229.78,1.48
2023-06-30,110.76,111.85,110.53,108.91,218899.22,-0.36,-0.33,114.268,120.723,120.058,210816.44,226546.15,203660.16,1.12
2023-06-29,115.83,115.94,110.89,110.63,307645.47,-4.9,-4.23,116.592,121.783,120.686,203342.53,229801.4,204766.91,1.58
2023-06-28,116.7,117.17,115.79,115.2,131689.95,-0.9,-0.77,119.67,122.774,121.532,167157.01,213307.93,195479.25,0.67
2023-06-27,119.22,119.36,116.69,115.81,190226.52,-0.75,-0.64,121.972,123.196,122.114,174808.21,222767.36,195641.38,0.97
2023-06-26,120.0,121.66,117.44,117.23,205621.05,-4.71,-3.86,124.666,123.207,122.815,191900.05,219807.44,191580.17,1.05
2023-06-21,126.01,127.2,122.15,122.02,181529.67,-4.13,-3.27,127.178,123.221,123.513,242275.86,214824.23,187643.41,0.93
2023-06-20,126.87,128.6,126.28,126.02,126717.87,-1.02,-0.8,126.974,122.664,124.081,256260.26,211942.61,183814.41,0.65
2023-06-19,129.5,129.73,127.3,126.76,169945.94,-2.86,-2.2,125.878,121.807,124.592,259458.86,218140.98,183172.59,0.87
2023-06-16,130.5,131.0,130.16,127.28,275685.72,0.16,0.12,124.42,121.032,125.171,270726.51,215669.4,185928.53,1.41
2023-06-15,121.38,130.9,130.0,120.2,457500.12,8.87,7.32,121.748,120.297,125.421,247714.82,206808.12,181892.15,2.34
2023-06-14,121.47,124.31,121.13,120.33,251451.67,0.33,0.27,119.264,119.392,125.615,187372.59,180774.16,166357.79,1.29
2023-06-13,119.5,121.2,120.8,118.6,142710.83,0.79,0.66,118.354,119.589,126.38,167624.96,179732.43,160584.99,0.73
2023-06-12,116.0,121.8,120.01,115.0,226284.22,3.21,2.75,117.736,120.289,127.279,176823.1,177650.56,161812.16,1.16
2023-06-09,117.99,119.37,116.8,115.96,160627.27,-0.78,-0.66,117.644,121.032,128.379,160612.29,168515.39,157918.05,0.82
2023-06-08,116.78,118.88,117.58,115.6,155788.98,1.0,0.86,118.846,122.422,129.524,165901.42,163352.9,159251.0,0.8
2023-06-07,118.44,118.97,116.58,116.11,152713.5,-1.13,-0.96,119.52,123.804,130.847,174175.72,160462.59,157508.39,0.78
2023-06-06,120.19,121.3,117.71,116.87,188701.52,-1.84,-1.54,120.824,125.497,132.267,191839.9,155686.2,158261.43,0.97
2023-06-05,122.92,122.92,119.55,119.54,145230.16,-3.26,-2.65,122.842,127.377,133.762,178478.02,148204.2,156832.71,0.74
2023-06-02,122.0,123.94,122.81,120.86,187072.94,1.86,1.54,124.42,129.309,135.278,176418.49,156187.66,159010.41,0.96
2023-06-01,123.48,124.02,120.95,120.8,197160.48,-2.15,-1.75,125.998,130.544,136.781,160804.39,156976.17,156271.15,1.01
2023-05-31,126.0,126.44,123.1,122.08,241034.41,-4.7,-3.68,128.088,131.837,138.4,146749.45,151941.41,161881.42,1.23
2023-05-30,127.87,129.23,127.8,125.21,121892.11,0.36,0.28,130.17,133.171,140.294,119532.5,141437.55,161203.34,0.62
2023-05-29,130.7,131.14,127.44,127.39,134932.52,-3.26,-2.49,131.912,134.269,141.984,117930.37,145973.76,160781.68,0.69
2023-05-26,131.65,132.25,130.7,128.88,109002.42,-0.7,-0.53,134.198,135.725,143.712,135956.83,147320.71,160057.55,0.56
2023-05-25,132.23,133.5,131.4,130.67,126885.79,-2.11,-1.58,135.09,136.625,145.274,153147.96,155149.11,161971.82,0.65
2023-05-24,136.0,136.0,133.51,133.51,104949.67,-3.0,-2.2,135.586,137.89,146.899,157133.38,154554.2,162655.34,0.54
2023-05-23,137.29,138.8,136.51,136.5,113881.45,-2.36,-1.7,136.172,139.037,148.582,163342.59,160836.67,165750.91,0.58
2023-05-22,134.0,140.57,138.87,132.53,225064.81,3.71,2.75,136.626,140.147,150.306,174017.16,165461.22,169228.65,1.15
2023-05-19,134.35,135.82,135.16,131.51,194958.08,1.28,0.96,137.252,141.246,152.211,158684.58,161833.17,164013.07,1.0
2023-05-18,136.0,136.9,133.88,133.07,146812.88,-2.56,-1.88,138.16,143.018,154.468,157150.25,155566.12,159240.08,0.75
2023-05-17,138.5,139.1,136.44,135.67,135995.72,-2.34,-1.69,140.194,144.962,156.764,151975.02,171821.43,161000.26,0.7
2023-05-16,142.0,142.0,138.78,137.88,167254.3,-3.22,-2.27,141.902,147.416,158.681,158330.74,180969.13,159774.74,0.86
2023-05-15,139.0,142.14,142.0,138.72,148401.94,2.3,1.65,143.668,149.698,160.575,156905.28,175589.59,156935.02,0.76
2023-05-12,144.35,145.15,139.7,139.69,187286.41,-4.35,-3.02,145.24,151.698,162.275,164981.75,172794.4,156035.12,0.96
2023-05-11,145.53,146.2,144.05,143.8,120936.75,-0.93,-0.64,147.876,153.923,164.253,153981.99,168794.54,152202.31,0.62
2023-05-10,146.99,147.75,144.98,144.72,167774.31,-2.63,-1.78,149.73,155.907,166.043,191667.84,170756.48,150576.34,0.86
2023-05-09,149.0,150.95,147.61,147.6,160126.98,-2.25,-1.5,152.93,158.126,167.885,203607.52,170665.15,149770.51,0.82
2023-05-08,152.5,152.5,149.86,148.11,188784.3,-3.02,-1.98,155.728,160.465,169.346,194273.9,172996.09,148961.55,0.97
2023-05-05,153.25,154.5,152.88,150.99,132287.61,-0.44,-0.29,158.156,163.175,170.755,180607.04,166192.97,152486.35,0.68
2023-05-04,158.0,158.98,153.32,151.8,309366.0,-7.66,-4.76,159.97,165.917,172.33,183607.09,162914.04,153743.08,1.58
2023-04-28,164.77,166.38,160.98,157.61,227472.72,-0.62,-0.38,162.084,168.566,173.826,149845.12,150179.08,145460.88,1.17
2023-04-27,162.1,162.95,161.6,160.72,113458.85,-0.4,-0.25,163.322,169.946,175.151,137722.78,138580.34,140662.33,0.58
2023-04-26,161.67,165.08,162.0,161.51,120450.04,0.05,0.03,165.202,171.451,176.198,151718.28,138280.45,139024.6,0.62
2023-04-25,162.11,162.78,161.95,159.12,147287.84,-1.94,-1.18,168.194,172.851,177.228,151778.89,139275.84,137924.23,0.75
2023-04-24,167.1,167.11,163.89,163.01,140556.16,-3.28,-1.96,171.864,174.583,178.368,142220.98,135610.09,134063.82,0.72
2023-04-21,171.0,171.48,167.17,166.66,166861.02,-3.83,-2.24,175.048,176.179,179.49,150513.04,130396.2,131127.94,0.85
2023-04-20,176.6,176.96,171.0,170.2,183436.36,-5.96,-3.37,176.57,177.644,180.359,139437.9,128875.87,126647.17,0.94
2023-04-19,180.4,180.4,176.96,175.31,120753.05,-3.34,-1.85,177.7,178.226,181.044,124842.62,124927.02,123655.08,0.62
2023-04-18,180.32,181.24,180.3,178.28,99498.32,0.49,0.27,177.508,178.334,181.596,126772.8,138779.73,123398.41,0.51
2023-04-17,176.06,180.32,179.81,175.15,182016.44,5.03,2.88,177.302,178.743,181.714,128999.2,144572.12,122948.69,0.93
2023-04-14,176.78,177.5,174.78,174.34,111485.32,-1.87,-1.06,177.31,179.086,181.989,110279.35,140742.67,119965.4,0.57
2023-04-13,175.95,177.32,176.65,174.46,110459.98,0.65,0.37,178.718,180.355,182.463,118313.83,142744.31,119907.93,0.57
2023-04-12,179.27,180.0,176.0,175.79,130403.93,-3.27,-1.82,178.752,180.944,182.778,125011.41,139768.75,120573.72,0.67
2023-04-11,179.87,182.82,179.27,178.21,110630.31,-0.58,-0.32,179.16,181.605,183.295,150786.66,136572.61,118091.01,0.57
2023-04-10,181.16,181.8,179.85,178.69,88417.22,-1.97,-1.08,180.184,182.153,183.672,160145.04,132517.56,120071.71,0.45
2023-04-07,177.0,183.43,181.82,176.87,151657.73,5.0,2.83,180.862,182.8,183.766,171205.99,131859.68,120229.97,0.78
2023-04-06,175.01,180.48,176.82,173.64,143947.86,-1.22,-0.69,181.992,183.074,183.9,167174.79,124418.47,118811.43,0.74
2023-04-04,184.1,184.3,178.04,175.9,259280.16,-6.35,-3.44,183.136,183.861,184.441,154526.08,122383.15,115078.89,1.33
2023-04-03,183.0,187.0,184.39,181.01,157422.23,1.15,0.63,184.05,184.857,184.969,122358.56,108017.09,107883.15,0.81
2023-03-31,187.52,187.99,183.24,182.78,143721.98,-4.23,-2.26,184.122,184.685,185.346,104890.07,101325.27,109524.79,0.74
2023-03-30,182.59,187.57,187.47,182.57,131501.7,4.93,2.7,184.738,184.891,185.987,92513.37,99188.13,106148.34,0.67
2023-03-29,183.4,185.49,182.54,181.89,80704.33,-0.07,-0.04,184.156,184.57,186.39,81662.15,97071.55,103242.87,0.41
2023-03-28,185.6,185.87,182.61,181.67,98442.56,-2.14,-1.16,184.586,184.611,187.105,90240.21,101378.7,104200.04,0.5
2023-03-27,186.33,186.33,184.75,183.8,70079.79,-1.57,-0.84,185.664,184.985,187.854,93675.61,99609.42,103702.37,0.36
2023-03-24,183.7,187.5,186.32,183.61,81838.45,1.76,0.95,185.248,185.191,188.482,97760.47,107625.86,104198.81,0.42
2023-03-23,183.5,185.1,184.56,182.0,77245.64,-0.13,-0.07,185.044,184.732,189.041,105862.89,108600.26,104432.92,0.4
2023-03-22,189.0,189.74,184.69,184.04,123594.61,-3.31,-1.76,184.984,184.725,189.813,112480.95,113204.39,103797.85,0.63
2023-03-21,183.5,188.23,188.0,183.11,115619.56,5.33,2.92,184.636,185.021,190.605,112517.19,107774.64,101555.61,0.59
2023-03-20,185.8,185.8,182.67,180.5,90504.09,-2.63,-1.42,184.306,185.081,191.38,105543.22,107749.22,100601.31,0.46
2023-03-17,186.14,188.8,185.3,184.5,122350.57,1.04,0.56,185.134,186.007,192.545,117491.24,117724.31,101955.92,0.63
2023-03-16,181.0,185.99,184.26,180.0,110335.93,1.31,0.72,184.42,187.083,193.307,111337.63,113108.55,100987.7,0.57
2023-03-15,189.61,190.2,182.95,182.55,123775.81,-3.4,-1.82,184.466,188.209,194.303,113927.83,109414.18,103726.41,0.63
2023-03-14,186.1,186.91,186.35,183.72,80749.72,-0.46,-0.25,185.406,189.599,195.181,103032.09,107021.38,104565.38,0.41
2023-03-13,181.53,188.39,186.81,181.5,150244.19,5.08,2.79,185.856,190.722,196.136,109955.22,107795.32,107451.27,0.77
2023-03-10,182.0,183.89,181.73,181.66,91582.5,-2.76,-1.5,186.88,191.772,197.195,117957.37,100771.75,107426.09,0.47
2023-03-09,187.78,188.33,184.49,183.48,123286.94,-3.16,-1.68,189.746,193.35,198.33,114879.46,100265.58,107562.84,0.63
2023-03-08,187.42,188.45,187.65,186.68,69297.08,-0.95,-0.5,191.952,194.9,199.39,104900.52,94391.3,106951.91,0.35
2023-03-07,191.84,192.7,188.6,188.57,115365.39,-3.33,-1.74,193.792,196.189,200.223,111010.67,95336.57,106594.36,0.59
2023-03-06,196.96,197.49,191.93,189.88,190254.95,-4.13,-2.11,195.588,197.679,201.071,105635.41,93453.41,105052.69,0.97
2023-03-03,196.29,197.2,196.06,194.55,76192.96,0.54,0.28,196.664,199.083,201.782,83586.13,86187.53,102307.28,0.39
2023-03-02,196.86,197.8,195.52,195.1,73392.23,-1.33,-0.68,196.954,199.531,202.527,85651.69,88866.84,104081.19,0.38
2023-03-01,197.1,198.7,196.85,195.77,99847.82,-0.73,-0.37,197.848,200.397,203.512,83882.08,98038.64,106617.1,0.51
2023-02-28,198.3,199.29,197.58,194.91,88489.1,0.27,0.14,198.586,200.762,204.312,79662.47,102109.37,109544.13,0.45
2023-02-27,195.7,198.58,197.31,194.85,80008.56,-0.2,-0.1,199.77,201.549,205.048,81271.4,107107.23,114000.01,0.41
2023-02-24,200.67,200.88,197.51,197.01,86520.75,-2.48,-1.24,201.502,202.618,206.057,88788.92,114080.42,125029.37,0.44
2023-02-23,200.2,201.88,199.99,199.2,64544.19,-0.55,-0.27,202.108,203.309,207.707,92081.99,114860.1,124299.03,0.33
2023-02-22,201.57,203.0,200.54,200.11,78749.77,-2.96,-1.46,202.946,203.879,209.289,112195.19,119512.52,126193.76,0.4
2023-02-21,205.0,205.9,203.5,201.3,96533.74,-2.47,-1.2,202.938,204.256,210.727,124556.27,117852.14,125361.81,0.49
2023-02-20,201.07,206.0,205.97,198.77,117596.14,5.43,2.71,203.328,204.462,212.102,132943.06,116651.97,123798.24,0.6
2023-02-17,203.11,206.8,200.54,200.51,102986.13,-3.64,-1.78,203.734,204.481,213.443,139371.92,118427.03,125323.34,0.53
2023-02-16,200.65,207.0,204.18,200.65,165110.16,3.68,1.83,204.51,205.523,214.841,137638.2,119295.53,125120.17,0.85
2023-02-15,205.0,205.45,200.5,200.39,140555.2,-4.95,-2.41,204.812,206.627,215.883,126829.85,115195.57,121723.66,0.72
2023-02-14,207.2,207.8,205.45,203.08,138467.69,-2.55,-1.23,205.574,207.862,217.288,111148.0,116978.88,117786.96,0.71
2023-02-13,203.33,208.68,208.0,202.21,149740.41,3.58,1.75,205.596,208.547,218.615,100360.87,120892.79,117460.5,0.77
2023-02-10,205.0,205.2,204.42,202.01,94317.56,-1.27,-0.62,205.228,209.496,219.499,97482.14,135978.33,114154.6,0.48
2023-02-09,204.0,207.99,205.69,203.81,111068.37,1.38,0.68,206.536,212.104,220.511,100952.85,133737.97,113298.49,0.57
2023-02-08,206.01,206.99,204.31,204.04,62145.98,-1.25,-0.61,208.442,214.699,221.522,103561.3,132874.99,116521.62,0.32
2023-02-07,206.01,207.45,205.56,204.5,84532.03,-0.6,-0.29,210.15,217.198,222.062,122809.76,132871.48,116903.59,0.43
2023-02-06,208.0,209.0,206.16,204.03,135346.77,-4.8,-2.27,211.498,219.741,222.489,141424.71,130944.51,117079.82,0.69
2023-02-03,213.91,214.0,210.96,207.93,111671.1,-4.26,-1.98,213.764,222.405,222.982,174474.52,132219.65,114700.39,0.57
2023-02-02,213.58,215.57,215.22,210.7,124110.6,2.37,1.11,217.672,224.159,223.242,166523.09,130944.81,113909.36,0.64
2023-02-01,213.99,213.99,212.85,208.88,158388.28,0.55,0.26,220.956,225.139,223.421,162188.69,128251.74,111511.87,0.81
2023-01-31,218.2,219.9,212.3,210.98,177606.81,-5.19,-2.39,224.246,226.714,223.689,142933.2,118595.04,109036.39,0.91
2023-01-30,239.5,239.99,217.49,216.4,300595.81,-13.01,-5.64,227.984,228.682,223.981,120464.31,114028.2,107910.86,1.54
2023-01-20,233.96,234.2,230.5,229.79,71913.93,-1.14,-0.49,231.046,229.501,224.273,89964.79,92330.88,97037.06,0.37
2023-01-19,230.12,232.85,231.64,224.55,102438.63,2.34,1.02,230.646,228.918,223.8,95366.53,92859.01,99214.97,0.52
2023-01-18,233.0,235.0,229.3,229.0,62110.84,-1.69,-0.73,229.322,228.344,222.973,94314.79,100168.25,97394.89,0.32
2023-01-17,233.06,233.71,230.99,228.14,65262.34,-1.81,-0.78,229.182,226.925,222.168,94256.87,100935.71,99403.01,0.33
2023-01-16,230.88,236.0,232.8,229.58,148098.19,4.3,1.88,229.38,225.236,221.518,107592.09,103215.13,100247.97,0.76
2023-01-13,225.02,228.88,228.5,224.11,98922.66,3.48,1.55,227.956,223.559,220.963,94696.97,97181.12,96691.94,0.51
2023-01-12,229.69,232.68,225.02,223.4,97179.9,-3.58,-1.57,227.19,222.324,220.523,90351.48,96873.91,97392.85,0.5
2023-01-11,232.0,232.83,228.6,228.5,61821.26,-3.38,-1.46,227.366,221.702,220.214,106021.72,94772.01,99147.0,0.32
2023-01-10,225.5,233.33,231.98,224.45,131938.44,6.3,2.79,224.668,220.663,219.471,107614.54,99477.74,100594.56,0.68
2023-01-09,225.45,226.8,225.68,223.3,83622.59,1.01,0.45,221.092,219.28,218.661,98838.16,101793.51,100980.96,0.43
2023-01-06,225.73,225.84,224.67,222.86,77195.21,-1.23,-0.54,219.162,219.045,218.038,99665.26,101743.24,104341.28,0.4
2023-01-05,217.8,226.69,225.9,214.8,175531.09,10.79,5.02,217.458,218.682,217.53,103396.35,105570.93,107396.23,0.9
2023-01-04,213.8,216.91,215.11,212.84,69785.37,1.01,0.47,216.038,217.601,216.955,83522.3,94621.54,109265.25,0.36
2023-01-03,217.0,218.5,214.1,212.18,88056.56,-1.93,-0.89,216.658,217.41,216.699,91340.95,97870.31,114766.05,0.45
2022-12-30,217.88,218.72,216.03,213.05,87758.09,-0.12,-0.06,217.468,217.8,216.24,104748.86,97280.81,119704.68,0.45
2022-12-29,217.0,219.46,216.15,215.54,95850.63,-2.65,-1.21,218.928,218.367,215.409,103821.21,96202.77,121758.98,0.49
2022-12-28,218.0,220.16,218.8,216.9,76160.85,0.59,0.27,219.906,218.722,214.801,107745.52,97911.79,129018.09,0.39
2022-12-27,220.5,220.5,218.21,214.96,108878.6,0.06,0.03,219.164,218.726,213.735,105720.77,103521.99,133062.0,0.56
2022-12-26,225.48,229.55,218.15,217.05,155096.12,-5.18,-2.32,218.162,218.279,212.573,104399.68,101711.38,137863.1,0.79
2022-12-23,220.5,226.78,223.33,218.38,83119.83,2.29,1.04,218.132,218.041,210.859,89812.76,100168.41,136606.89,0.43
2022-12-22,217.43,223.91,221.04,215.5,115472.19,5.95,2.77,217.806,217.031,208.625,88584.33,106939.33,134825.39,0.59
2022-12-21,215.4,217.0,215.09,213.26,66037.12,1.89,0.89,217.538,216.377,206.528,88078.06,109221.53,132078.05,0.34
2022-12-20,217.05,218.4,213.2,212.3,102273.15,-4.8,-2.2,218.288,216.308,204.832,101323.21,123908.95,132115.8,0.52
2022-12-19,220.06,222.87,218.0,216.8,82161.53,-3.7,-1.67,218.396,215.988,203.334,99023.08,131661.79,130722.9,0.42
2022-12-16,218.0,222.0,221.7,217.5,76977.67,2.0,0.91,217.95,214.68,201.66,110524.05,142128.55,132774.72,0.39
2022-12-15,222.38,224.02,219.7,216.43,112940.82,0.86,0.39,216.256,212.45,200.115,125294.33,147315.19,131995.42,0.58
2022-12-14,214.7,220.6,218.84,214.0,132262.86,5.1,2.39,215.216,210.88,198.78,130365.0,160124.39,131430.74,0.68
2022-12-13,217.0,217.87,213.74,212.98,90772.53,-2.03,-0.94,214.328,208.744,197.548,146494.7,162602.02,133404.76,0.46
2022-12-12,211.0,218.84,215.77,210.57,139666.38,2.54,1.19,213.58,206.867,196.411,164300.49,174014.83,134867.35,0.72
2022-12-09,214.41,214.5,213.23,207.3,150829.05,-1.27,-0.59,211.41,203.676,194.997,173733.05,173045.38,136662.96,0.77
2022-12-08,215.79,216.0,214.5,211.01,138294.16,0.1,0.05,208.644,200.219,194.13,169336.05,162711.45,142223.47,0.71
2022-12-07,213.0,218.25,214.4,209.95,212911.39,4.4,2.1,206.544,196.679,192.854,189883.79,154934.58,139953.71,1.09
2022-12-06,205.69,215.11,210.0,204.94,179801.48,5.08,2.48,203.16,193.355,191.59,178709.33,140322.64,132213.58,0.92
2022-12-05,205.0,209.82,204.92,201.77,186829.19,5.52,2.77,200.154,190.68,190.657,183729.16,129784.02,127076.12,0.96
2022-12-02,203.84,204.79,199.4,199.0,128844.03,-4.6,-2.25,195.942,188.64,189.976,172357.7,123420.89,124754.72,0.66
2022-12-01,211.0,213.2,204.0,200.8,241032.86,6.52,3.3,191.794,187.78,189.861,156086.85,116675.65,129840.99,1.23
2022-11-30,194.8,197.6,197.48,192.51,157039.11,2.51,1.29,186.814,186.679,188.791,119985.37,102737.09,124471.89,0.8
2022-11-29,184.01,197.9,194.97,183.5,204900.62,11.11,6.04,183.55,186.351,188.032,101935.95,104207.5,131277.53,1.05
2022-11-28,173.98,184.66,183.86,172.11,129971.88,5.2,2.91,181.206,185.954,187.104,75838.88,95719.88,131410.69,0.67
2022-11-25,179.95,180.5,178.66,177.01,47489.8,-0.44,-0.25,181.338,186.318,185.929,74484.08,100280.55,131362.83,0.24
2022-11-24,182.76,182.97,179.1,178.4,60525.45,-2.06,-1.14,183.766,188.04,185.368,77264.45,121735.49,133594.32,0.31
2022-11-23,181.51,182.75,181.16,179.85,66792.01,-2.09,-1.14,186.544,189.029,184.863,85488.81,124972.85,136482.47,0.34
2022-11-22,184.1,186.99,183.25,181.51,74415.24,-1.27,-0.69,189.152,189.824,184.456,106479.06,124104.51,137901.93,0.38
2022-11-21,186.5,186.5,184.52,180.0,123197.89,-6.28,-3.29,190.702,190.634,183.863,115600.89,124368.21,139669.25,0.63
2022-11-18,192.7,194.06,190.8,190.51,61391.65,-2.19,-1.14,191.298,191.312,182.987,126077.02,126088.55,142046.33,0.31
2022-11-17,192.0,195.14,192.99,189.0,101647.27,-1.21,-0.62,192.314,191.941,182.225,166206.54,143006.32,143107.53,0.52
2022-11-16,195.0,200.87,194.2,191.68,171743.23,3.2,1.68,191.514,190.903,181.546,164456.88,146206.68,145106.34,0.88
2022-11-15,188.94,194.5,191.0,188.37,120024.4,3.5,1.87,190.496,189.713,180.816,141729.96,158347.55,140715.95,0.61
2022-11-14,195.88,199.77,187.5,186.13,175578.53,-8.38,-4.28,190.566,188.253,180.716,133135.54,167101.49,137691.21,0.9
2022-11-11,199.0,201.51,195.88,190.18,262039.27,6.89,3.65,191.326,185.539,180.687,126100.08,162445.11,132769.77,1.34
2022-11-10,185.0,191.0,188.99,184.1,92898.99,-0.12,-0.06,191.568,182.696,180.166,119806.1,145453.15,124946.83,0.48
2022-11-09,191.0,193.18,189.11,187.93,58108.63,-2.24,-1.17,190.292,180.697,179.724,127956.48,147992.09,123388.48,0.3
2022-11-08,191.19,193.87,191.35,189.23,77052.26,0.05,0.03,188.93,179.087,179.32,174965.14,151699.36,126896.86,0.39
2022-11-07,192.0,196.9,191.3,189.57,140401.23,-5.79,-2.94,185.94,177.091,179.034,201067.45,154970.29,125442.94,0.72
2022-11-04,182.5,199.0,197.09,182.42,230569.38,14.48,7.93,179.752,174.661,178.859,198790.13,158004.12,123336.52,1.18
2022-11-03,178.0,184.77,182.61,177.15,133650.91,0.31,0.17,173.824,172.509,178.917,171100.19,143208.75,115857.97,0.68
2022-11-02,175.5,190.6,182.3,174.03,293151.94,5.9,3.35,171.102,172.188,179.649,168027.7,144006.0,113960.27,1.5
2022-11-01,160.18,176.4,176.4,156.51,207563.8,16.04,10.0,169.244,171.918,180.658,128433.57,123084.34,104298.53,1.06
2022-10-31,164.1,166.5,160.36,159.6,129014.64,-7.09,-4.23,168.242,173.178,181.961,108873.13,108280.93,101756.13,0.66
2022-10-28,168.53,172.86,167.45,167.05,92119.67,-1.55,-0.92,169.57,175.835,183.668,117218.1,103094.44,104018.89,0.47
2022-10-27,172.0,178.0,169.0,168.48,118288.43,-4.01,-2.32,171.194,177.636,184.566,115317.31,104440.51,102201.89,0.61
2022-10-26,171.6,175.49,173.01,171.3,95181.3,1.62,0.94,173.274,178.751,185.471,119984.31,98784.87,99987.49,0.49
2022-10-25,167.8,173.8,171.39,166.23,109761.61,4.39,2.63,174.592,179.553,186.098,117735.12,102094.37,100992.42,0.56
2022-10-24,174.05,174.3,167.0,165.03,170739.47,-8.57,-4.88,178.114,180.977,187.24,107688.72,95915.58,99665.16,0.87
2022-10-21,176.61,179.1,175.57,174.55,82615.73,-3.83,-2.13,182.1,183.057,188.312,88970.78,88668.93,94086.6,0.42
2022-10-20,175.0,183.1,179.4,174.15,141623.45,-0.2,-0.11,184.078,185.325,188.959,93563.71,88507.19,93790.01,0.73
2022-10-19,188.01,188.88,179.6,179.6,83935.33,-9.4,-4.97,184.228,187.11,189.557,77585.43,83914.54,90243.54,0.43
2022-10-18,190.0,192.5,189.0,187.34,59529.63,2.07,1.11,184.514,189.398,190.154,86453.62,85512.71,89000.2,0.3
2022-10-17,184.96,188.2,186.93,183.58,77149.76,1.47,0.79,183.84,190.743,190.328,84142.44,95231.34,89356.34,0.4
2022-10-14,181.88,190.2,185.46,181.0,105580.36,5.31,2.95,184.014,191.501,190.536,88367.08,104943.34,90210.33,0.54
2022-10-13,179.06,182.92,180.15,178.81,61732.05,-0.88,-0.49,186.572,191.496,190.563,83450.68,99963.27,88707.94,0.32
2022-10-12,185.65,185.98,181.03,174.44,128276.31,-4.6,-2.48,189.992,192.191,190.753,90243.65,101190.12,88128.53,0.66
2022-10-11,189.5,189.5,185.63,185.0,47973.7,-2.17,-1.16,194.282,192.642,190.837,84571.8,99890.47,85835.03,0.25
2022-10-10,197.2,197.65,187.8,187.8,98273.0,-10.45,-5.27,197.646,193.502,190.561,106320.24,103414.74,88904.58,0.5
2022-09-30,198.24,200.5,198.25,195.71,80998.33,1.0,0.51,198.988,193.567,190.186,121519.6,99504.27,90145.4,0.41
2022-09-29,203.33,203.5,197.25,196.06,95696.93,-5.23,-2.58,196.42,192.593,189.614,116475.85,99072.83,92617.66,0.49
2022-09-28,200.0,204.45,202.48,198.57,99917.05,0.03,0.01,194.39,192.003,189.526,112136.59,96572.54,96186.68,0.51
2022-09-27,194.53,203.58,202.45,193.0,156715.88,7.94,4.08,191.002,190.91,188.922,115209.13,92487.69,94514.18,0.8
2022-09-26,185.33,198.46,194.51,185.3,174269.8,9.1,4.91,189.358,189.912,188.412,100509.25,83481.34,89499.58,0.89
2022-09-23,185.88,188.82,185.41,183.38,55779.61,-1.69,-0.9,188.146,189.57,188.307,77488.93,75477.33,87060.66,0.29
2022-09-22,184.0,188.15,187.1,181.05,74000.59,1.56,0.84,188.766,189.629,188.678,81669.81,77452.61,88352.06,0.38
2022-09-21,193.61,195.55,185.54,185.01,115279.78,-8.69,-4.47,189.616,189.314,188.813,81008.49,75066.94,88602.42,0.59
2022-09-20,190.01,195.0,194.23,187.7,83216.47,5.78,3.07,190.818,189.032,189.185,69766.25,71779.59,87210.44,0.43
2022-09-19,190.0,192.2,188.45,186.8,59168.22,-0.06,-0.03,190.466,187.619,189.13,66453.43,74394.41,88337.34,0.3
2022-09-16,190.2,193.71,188.51,188.0,76684.01,-2.84,-1.48,190.994,186.805,189.107,73465.72,80786.54,89861.94,0.39
2022-09-15,192.5,194.18,191.35,189.91,70693.96,-0.2,-0.1,190.492,186.634,189.113,73235.4,86162.48,92001.93,0.36
2022-09-14,189.47,193.66,191.55,188.91,59068.6,-0.92,-0.48,189.012,187.049,189.203,69125.39,95800.82,92546.28,0.3
2022-09-13,194.99,195.0,192.47,190.55,66652.35,1.38,0.72,187.246,186.934,189.135,73792.92,96540.68,95139.96,0.34
2022-09-09,184.5,191.6,191.09,183.55,94229.67,5.09,2.74,184.772,186.912,189.249,82335.39,95517.81,95523.16,0.48
2022-09-08,184.84,189.49,186.0,184.5,75532.41,2.05,1.11,182.616,187.044,189.477,88107.36,98644.0,96404.67,0.39
2022-09-07,179.1,184.39,183.95,179.1,50143.94,1.23,0.67,182.776,187.726,190.237,99089.57,99251.52,97076.27,0.26
2022-09-06,180.68,184.84,182.72,178.2,82406.23,2.62,1.46,185.086,188.311,190.839,122476.24,102137.9,97773.24,0.42
2022-09-05,179.0,180.1,180.1,175.2,109364.72,-0.21,-0.12,186.622,189.337,191.576,119288.43,102641.3,100035.26,0.56
2022-09-02,184.9,186.6,180.31,179.46,123089.49,-6.49,-3.47,189.052,190.64,192.051,108700.23,102280.28,105257.0,0.63
2022-09-01,194.01,194.96,186.8,186.06,130443.47,-8.7,-4.45,191.472,191.409,192.98,109180.64,98937.34,105723.22,0.67
2022-08-31,188.75,197.77,195.5,188.01,167077.28,5.1,2.68,192.676,191.591,193.663,99413.46,97841.37,105479.87,0.86
2022-08-30,192.25,193.88,190.4,187.6,66467.19,-1.85,-0.96,191.536,191.357,193.89,81799.57,89291.75,104815.04,0.34
2022-08-29,189.69,193.69,192.25,189.01,56423.71,-0.16,-0.08,192.052,191.335,194.683,85994.17,93739.24,107123.96,0.29
2022-08-26,194.0,201.18,192.41,192.11,125491.55,-0.41,-0.21,192.228,191.585,195.656,95860.33,95528.51,107974.15,0.64
2022-08-25,189.7,193.7,192.82,187.73,81607.58,3.02,1.59,191.346,191.91,196.53,88694.04,94165.35,108459.64,0.42
2022-08-24,193.0,195.44,189.8,189.0,79007.81,-3.18,-1.65,190.506,192.747,197.888,96269.28,94901.02,111861.87,0.4
2022-08-23,194.55,195.89,192.98,189.7,87440.18,-0.15,-0.08,191.178,193.367,199.14,96783.93,93408.58,111929.87,0.45
2022-08-22,187.0,194.2,193.13,186.66,105754.52,5.13,2.73,190.618,193.815,200.441,101484.31,97429.23,112779.19,0.54
2022-08-19,188.8,190.78,188.0,187.0,89660.12,-0.62,-0.33,190.942,193.461,201.765,95196.68,108233.72,112899.2,0.46
2022-08-18,191.64,192.99,188.62,188.0,119483.76,-4.54,-2.35,192.474,194.551,203.096,99636.65,112509.1,113747.08,0.61
2022-08-17,190.26,194.5,193.16,188.6,81581.08,2.98,1.57,194.988,195.734,204.112,93532.75,113118.38,111894.32,0.42
2022-08-16,195.1,195.98,190.18,190.09,110942.06,-4.57,-2.35,195.556,196.423,205.202,90033.23,120338.34,113592.72,0.57
2022-08-15,194.01,196.49,194.75,192.1,74316.39,-0.91,-0.47,197.012,198.031,206.143,93374.15,120508.68,112756.54,0.38
2022-08-12,198.0,199.97,195.66,194.04,111859.95,-5.53,-2.75,195.98,199.726,206.734,121270.76,120419.8,113208.42,0.57
2022-08-11,195.59,202.49,201.19,194.91,88964.29,5.19,2.65,196.628,201.15,207.169,125381.56,122753.94,113075.5,0.46
2022-08-10,196.5,198.03,196.0,193.63,64083.46,-1.46,-0.74,196.48,203.029,207.585,132704.0,128822.73,114890.68,0.33
2022-08-09,190.52,198.0,197.46,190.0,127646.67,7.87,4.15,197.29,204.912,208.065,150643.44,130451.15,116371.47,0.65
2022-08-08,186.0,192.9,189.59,184.0,213799.45,-9.31,-4.68,199.05,207.066,208.369,147643.2,128129.16,114829.31,1.1
2022-08-05,195.08,200.47,198.9,193.08,132413.91,-1.55,-0.77,203.472,210.068,209.257,119568.84,117564.69,109820.27,0.68
2022-08-04,201.0,201.76,200.45,195.36,125576.5,0.4,0.2,205.672,211.64,209.91,120126.32,114985.06,109385.85,0.64
2022-08-03,206.26,209.25,200.05,199.38,153780.69,-6.21,-3.01,209.578,212.49,210.358,124941.46,110670.26,110674.0,0.79
2022-08-02,207.0,210.6,206.26,205.55,112645.47,-5.44,-2.57,212.534,213.98,210.83,110258.86,106847.11,114607.95,0.58
2022-08-01,208.0,213.5,211.7,206.33,73427.65,1.8,0.86,215.082,214.254,211.563,108615.11,105004.41,116715.36,0.38
2022-07-29,214.5,218.6,209.9,209.18,135201.27,-10.08,-4.58,216.664,213.742,212.284,115560.53,105997.04,120210.39,0.69
2022-07-28,222.0,226.66,219.98,217.96,149652.2,5.15,2.4,217.608,213.188,213.044,109843.8,103397.07,121778.61,0.77
2022-07-27,217.05,219.23,214.83,214.0,80367.73,-4.17,-1.9,215.402,212.14,213.692,96399.07,100958.62,126802.55,0.41
2022-07-26,222.9,226.04,219.0,217.8,104426.71,-0.61,-0.28,215.426,211.217,213.903,103435.35,102291.78,132422.15,0.53
2022-07-25,214.6,221.28,219.61,213.5,108154.73,4.99,2.33,213.426,209.671,214.097,101393.71,101529.47,138556.17,0.55
2022-07-22,208.0,215.05,214.62,208.0,106617.62,5.67,2.71,210.82,208.445,213.836,96433.56,102075.85,148525.99,0.55
2022-07-21,214.56,214.56,208.95,208.7,82428.54,-6.0,-2.79,208.768,208.18,213.161,96950.34,103786.63,150233.3,0.42
2022-07-20,210.33,216.51,214.95,208.74,115549.16,5.95,2.85,208.878,208.226,212.689,105518.18,110677.73,153572.25,0.59
2022-07-19,211.0,211.25,209.0,205.01,94218.48,2.42,1.17,207.008,207.68,211.556,101148.22,122368.8,153665.84,0.48
2022-07-18,206.0,209.28,206.58,201.02,83354.0,2.22,1.09,205.916,208.871,210.978,101665.24,128426.3,156282.55,0.43
2022-07-15,206.0,212.89,204.36,204.0,109201.5,-3.64,-1.75,206.07,210.825,210.499,107718.14,134423.73,160119.35,0.56
2022-07-14,203.0,212.0,209.5,203.0,125267.77,3.9,1.9,207.592,212.9,209.8,110622.93,140160.16,163858.14,0.64
2022-07-13,204.05,207.51,205.6,203.41,93699.33,2.06,1.01,207.574,215.243,208.425,115837.28,152646.48,161443.78,0.48
2022-07-12,207.33,209.38,203.54,200.87,96803.58,-3.81,-1.84,208.352,216.588,207.244,143589.37,162552.51,164461.09,0.5
2022-07-11,206.5,208.5,207.35,203.56,113618.5,-4.62,-2.18,211.826,218.522,206.118,155187.37,175582.88,164494.34,0.58
2022-07-08,214.7,218.16,211.97,211.56,123725.47,2.56,1.22,215.58,219.227,204.666,161129.33,194976.13,167896.5,0.63
2022-07-07,208.0,210.99,209.41,204.5,151339.52,-0.08,-0.04,218.208,218.142,203.455,169697.39,196679.97,167595.12,0.78
2022-07-06,216.49,216.98,209.49,207.9,232459.8,-11.42,-5.17,222.912,217.151,202.329,189455.68,196466.76,166112.86,1.19
2022-07-05,226.3,229.12,220.91,217.96,154793.55,-5.21,-2.3,224.824,215.432,201.433,181515.64,184962.89,163385.68,0.79
2022-07-04,219.8,229.2,226.12,216.98,143328.31,1.01,0.45,225.218,213.084,199.627,195978.38,184138.8,163478.41,0.73
2022-07-01,229.1,230.63,225.11,220.2,166565.78,-7.82,-3.36,222.874,210.172,197.37,228822.93,185814.96,163707.87,0.85
2022-06-30,224.4,237.8,232.93,221.24,250130.98,13.88,6.34,218.076,206.7,194.884,223662.54,187556.12,159707.84,1.28
2022-06-29,225.0,231.18,219.05,218.4,192759.59,-3.83,-1.72,211.39,201.607,192.033,203477.84,170241.07,153550.38,0.99
2022-06-28,213.39,222.88,222.88,211.13,227107.25,8.48,3.96,206.04,197.9,189.916,188410.13,166369.68,153219.21,1.16
2022-06-27,211.0,221.23,214.4,210.0,307551.03,13.28,6.6,200.95,193.713,187.372,172299.22,153405.8,150649.08,1.58
2022-06-24,198.69,204.23,201.12,197.44,140763.84,1.62,0.81,197.47,190.104,184.899,142806.99,140816.87,141158.89,0.72
2022-06-23,194.8,201.02,199.5,194.26,149207.48,7.2,3.74,195.324,188.767,182.996,151449.7,138510.28,140115.19,0.76
2022-06-22,197.0,197.9,192.3,192.09,117421.04,-5.13,-2.6,191.824,187.507,181.303,137004.31,135758.97,137408.68,0.6
2022-06-21,197.01,200.99,197.43,194.8,146552.7,0.43,0.22,189.76,187.433,179.908,144329.22,141808.47,136149.61,0.75
2022-06-20,190.9,198.35,197.0,190.9,160089.91,6.61,3.47,186.476,186.17,178.375,134512.38,142818.03,138371.92,0.82
2022-06-17,180.0,191.89,190.39,179.51,183977.38,8.39,4.61,182.738,184.567,177.313,138826.74,141600.78,137217.23,0.94
2022-06-16,182.3,185.0,182.0,181.36,76980.5,0.02,0.01,182.21,183.067,176.183,125570.86,131859.56,132257.3,0.39
2022-06-15,180.61,186.98,181.98,176.7,154045.62,0.97,0.54,183.19,182.459,175.601,134513.63,136859.68,133158.14,0.79
2022-06-14,175.5,181.47,181.01,175.01,97468.51,2.7,1.51,185.106,181.931,175.248,139287.72,140068.74,128896.53,0.5
2022-06-13,183.0,184.49,178.31,175.78,181661.69,-9.44,-5.03,185.864,181.03,174.913,151123.67,147892.35,129081.79,0.93
2022-06-10,184.08,189.4,187.75,184.07,117697.96,0.85,0.46,186.396,179.694,174.648,144374.82,141500.91,123257.22,0.6
2022-06-09,194.01,194.49,186.9,185.29,121694.35,-4.66,-2.43,183.924,177.224,173.858,138148.27,141720.11,121466.86,0.62
2022-06-08,188.0,193.0,191.56,186.8,177916.09,6.76,3.66,181.728,175.099,173.345,139205.73,139058.4,126063.61,0.91
2022-06-07,181.82,186.99,184.8,179.5,156648.27,3.83,2.12,178.756,172.383,172.065,140849.75,130490.75,124750.29,0.8
2022-06-06,177.0,181.53,180.97,172.42,147917.44,5.58,3.18,176.196,170.58,170.825,144661.04,133925.81,123686.96,0.76
2022-06-02,175.0,176.66,175.39,174.61,86565.21,-0.53,-0.3,172.992,170.058,169.961,138626.99,132833.68,126980.07,0.44
2022-06-01,178.0,179.8,175.92,175.33,126981.66,-0.78,-0.44,170.524,169.299,170.178,145291.94,132655.03,128802.41,0.65
2022-05-31,171.0,177.89,176.7,169.6,186136.17,4.7,2.73,168.47,168.742,170.482,138911.06,129456.59,130597.72,0.95
2022-05-30,169.89,172.52,172.0,166.3,175704.7,7.05,4.27,166.01,168.564,170.726,120131.74,117724.33,129258.93,0.9
2022-05-27,165.3,168.6,164.95,164.0,117747.21,1.9,1.17,164.964,168.796,171.325,123190.59,110271.23,129489.06,0.6
2022-05-26,165.69,166.9,163.05,161.0,119889.96,-2.6,-1.57,167.124,169.601,172.079,127040.37,105013.54,133735.2,0.61
2022-05-25,163.05,167.1,165.65,162.43,95077.26,1.25,0.76,168.074,170.491,172.601,120018.12,101213.6,137950.42,0.49
2022-05-24,167.24,168.2,164.4,163.98,92239.57,-2.37,-1.42,169.014,171.591,173.167,120002.13,113068.82,138396.71,0.47
2022-05-23,176.03,176.5,166.77,166.45,190998.95,-8.98,-5.11,171.118,171.746,173.705,115316.91,119009.83,139937.95,0.98
2022-05-20,169.16,176.0,175.75,169.16,136996.12,7.95,4.74,172.628,171.069,174.48,97351.88,113448.11,137701.95,0.7
2022-05-19,166.0,169.45,167.8,165.32,84778.69,-2.55,-1.5,172.078,169.863,174.624,82986.7,121126.46,136935.79,0.43
2022-05-18,175.7,175.94,170.35,168.15,94997.3,-4.57,-2.61,172.908,171.057,175.278,82409.09,124949.8,136593.04,0.49
2022-05-17,173.98,176.68,174.92,172.58,68813.49,0.6,0.34,174.168,172.221,175.872,106135.52,131738.84,139037.26,0.35
2022-05-16,174.55,178.0,174.32,171.88,101173.78,1.32,0.76,172.374,172.887,176.205,122702.75,140793.54,147342.54,0.52
2022-05-13,173.5,174.0,173.0,170.11,65170.26,1.05,0.61,169.51,173.854,176.089,129544.35,148706.88,153875.05,0.33
2022-05-12,173.55,174.85,171.95,170.36,81890.62,-4.7,-2.66,167.648,174.556,176.025,159266.21,162456.86,160212.95,0.42
2022-05-11,166.95,179.49,176.65,166.95,213629.44,10.7,6.45,169.206,174.71,175.233,167490.51,174687.25,164561.11,1.09
2022-05-10,156.0,168.4,165.95,155.18,151649.64,5.95,3.72,170.274,174.743,174.625,157342.16,163724.61,158531.43,0.78
2022-05-09,159.5,163.6,160.0,156.22,135381.77,-3.69,-2.25,173.4,175.664,174.575,158884.32,160866.07,157446.78,0.69
2022-05-06,174.0,175.23,163.69,161.88,213779.59,-16.05,-8.93,178.198,177.89,174.78,167869.41,161955.8,160993.78,1.09
2022-05-05,179.0,182.8,179.74,175.44,123012.1,-2.25,-1.24,181.464,179.384,175.308,165647.51,152745.12,159954.87,0.63
2022-04-29,182.8,183.5,181.99,174.3,162887.7,0.41,0.23,180.214,179.498,174.54,181883.98,148236.28,157932.88,0.83
2022-04-28,181.0,187.66,181.58,178.0,159360.45,-2.41,-1.31,179.212,179.523,173.8,170107.05,146335.68,157403.08,0.82
2022-04-27,178.5,185.33,183.99,177.0,180307.2,3.97,2.21,177.928,179.523,172.526,162847.81,153891.55,153568.63,0.92
2022-04-26,175.0,185.05,180.02,175.0,202670.12,6.53,3.76,177.582,178.324,171.302,156042.18,159043.23,149455.19,1.04
2022-04-25,168.38,181.3,173.49,166.1,204194.44,-3.49,-1.97,177.304,177.494,170.443,139842.73,157969.03,143084.0,1.05
2022-04-22,174.0,178.99,176.98,171.32,104003.05,1.82,1.04,178.782,175.756,170.1,114588.58,154434.97,136486.94,0.53
2022-04-21,179.1,181.77,175.16,173.5,123064.25,-7.1,-3.9,179.834,174.506,169.706,122564.3,153338.25,134997.21,0.63
2022-04-20,178.34,186.0,182.26,174.76,146279.05,3.63,2.03,181.118,173.485,169.456,144935.28,154027.49,132664.43,0.75
2022-04-19,178.6,183.67,178.63,177.03,121672.85,-2.25,-1.24,179.066,171.669,168.99,162044.28,160031.76,129413.96,0.62
2022-04-18,179.02,181.99,180.88,177.51,77923.68,-1.36,-0.75,177.684,171.232,168.881,176095.33,167164.62,127928.57,0.4
2022-04-15,178.3,185.8,182.24,177.17,143881.67,0.66,0.36,172.73,169.581,168.612,194281.36,167629.47,133562.91,0.74
2022-04-14,174.76,185.1,181.58,174.76,234919.16,9.58,5.57,169.178,168.077,168.0,184112.2,168470.48,135926.51,1.2
2022-04-13,175.8,176.8,172.0,169.72,231824.03,0.28,0.16,165.852,165.529,166.921,163119.69,153245.72,133986.56,1.19
2022-04-12,157.8,171.72,171.72,157.55,191928.12,15.61,10.0,164.272,164.279,166.871,158019.24,139867.15,134213.52,0.98
2022-04-11,161.19,161.19,156.11,153.59,168853.84,-8.37,-5.09,164.78,163.392,167.615,158233.91,128198.98,131201.87,0.86
2022-04-08,163.91,165.7,164.48,160.81,93035.84,-0.47,-0.28,166.432,164.443,169.148,140977.58,118538.91,128161.71,0.48
2022-04-07,161.8,167.4,164.95,161.37,129956.61,0.85,0.52,166.976,164.906,170.316,152828.76,116656.18,129878.22,0.67
2022-04-06,168.2,168.6,164.1,163.0,206321.81,-10.16,-5.83,165.206,165.426,171.543,143371.75,111301.38,130145.77,1.06
2022-04-01,162.64,177.3,174.26,162.22,193001.45,9.89,6.02,164.286,166.311,172.752,121715.06,98796.16,129189.56,0.99
2022-03-31,164.02,167.1,164.37,163.4,82572.19,-2.83,-1.69,162.004,166.53,174.112,98164.05,88692.51,124306.16,0.42
2022-03-30,159.22,168.39,167.2,156.88,152291.75,11.1,7.11,162.454,167.643,175.807,96100.23,99496.35,128009.7,0.78
2022-03-29,159.81,161.65,156.1,155.73,82671.56,-3.4,-2.13,162.836,167.923,177.572,80483.6,103382.53,124279.73,0.42
2022-03-28,157.82,161.97,159.5,157.08,98038.36,-3.35,-2.06,165.646,168.313,180.179,79231.01,114727.4,125164.95,0.5
2022-03-25,167.33,168.9,162.85,162.5,75246.38,-3.77,-2.26,168.336,169.463,182.329,75877.26,128559.89,125618.55,0.39
2022-03-24,168.0,168.8,166.62,165.6,72253.12,-2.49,-1.47,171.056,171.838,184.693,79220.98,134204.75,126125.7,0.37
2022-03-23,171.5,171.93,169.11,168.22,74208.57,-1.04,-0.61,172.832,173.853,186.561,102892.47,137784.51,127556.61,0.38
2022-03-22,169.95,173.0,170.15,168.33,76408.62,-2.8,-1.62,173.01,175.725,188.65,126281.46,143100.25,127096.49,0.39
2022-03-21,175.8,175.99,172.95,171.11,81269.63,-3.5,-1.98,170.98,177.66,190.683,150223.78,148990.15,127160.43,0.42
2022-03-18,175.5,177.39,176.45,173.1,91964.95,0.95,0.54,170.59,179.193,192.813,181242.51,159582.96,126059.79,0.47
2022-03-17,176.66,180.08,175.5,171.5,190610.59,5.5,3.23,172.62,181.693,195.058,189188.53,159919.81,123553.35,0.98
2022-03-16,163.8,170.58,170.0,161.72,191153.52,10.0,6.25,174.874,183.97,197.309,172676.55,156523.05,117472.63,0.98
2022-03-15,167.58,169.78,160.0,159.89,196120.22,-11.0,-6.43,178.44,187.22,200.019,159919.05,145176.92,111021.8,1.0
2022-03-14,178.88,179.0,171.0,170.6,236363.27,-15.6,-8.36,184.34,192.045,203.161,147756.52,135602.51,106102.46,1.21
2022-03-11,185.0,189.96,186.6,179.01,131695.03,-0.17,-0.09,187.796,195.195,205.986,137923.41,122677.22,101361.93,0.67
2022-03-10,192.0,192.55,186.77,186.22,108050.72,-1.06,-0.56,190.766,197.547,207.928,130651.09,118046.64,102622.89,0.55
2022-03-09,192.0,192.5,187.83,180.98,127365.99,-1.67,-0.88,193.066,199.269,209.789,140369.54,117328.7,106044.29,0.65
2022-03-08,191.1,197.15,189.5,188.02,135307.59,1.22,0.65,196.0,201.575,211.028,130434.79,111092.72,104245.96,0.69
2022-03-07,197.2,198.0,188.28,186.41,187197.7,-13.17,-6.54,199.75,203.705,212.072,123448.5,105330.72,101052.37,0.96
2022-03-04,195.0,203.0,201.45,194.0,95333.47,3.18,1.6,202.594,206.432,213.198,107431.03,92536.61,96973.35,0.49
2022-03-03,204.99,207.99,198.27,197.25,156642.95,-4.23,-2.09,204.328,208.422,213.454,105442.19,87186.9,99328.32,0.8
2022-03-02,206.2,206.48,202.5,201.18,77692.26,-5.75,-2.76,205.472,210.648,213.725,94287.86,78422.22,95216.93,0.4
2022-03-01,202.05,208.6,208.25,200.51,100376.12,5.75,2.84,207.15,212.818,213.968,91750.65,76866.68,94884.7,0.51
2022-02-28,208.0,210.1,202.5,201.58,107110.33,-7.62,-3.63,207.66,214.277,213.887,87212.93,76602.41,95056.81,0.55
2022-02-25,206.58,212.89,210.12,205.55,85389.27,6.13,3.0,210.27,216.777,214.127,77642.2,80046.65,95654.07,0.44
2022-02-24,208.5,210.0,203.99,201.6,100871.31,-6.9,-3.27,212.516,218.308,213.654,68931.6,87199.15,99166.18,0.52
2022-02-23,211.08,212.53,210.89,206.66,65006.23,0.09,0.04,215.824,220.309,213.148,62556.57,94759.87,99806.94,0.33
2022-02-22,213.26,213.39,210.8,208.0,77687.52,-4.75,-2.2,218.486,220.48,212.035,61982.71,97399.2,101151.4,0.4
2022-02-21,219.0,220.0,215.55,214.68,59256.66,-5.8,-2.62,220.894,220.438,211.03,65991.89,96774.02,102193.88,0.3
2022-02-18,218.5,222.88,221.35,218.01,41836.3,0.82,0.37,223.284,219.964,209.774,82451.11,101410.09,109800.34,0.21
2022-02-17,224.0,225.53,220.53,218.7,68996.15,-3.67,-1.64,224.1,218.485,208.731,105466.69,111469.75,112557.03,0.35
2022-02-16,224.1,228.08,224.2,221.0,62136.9,1.36,0.61,224.794,216.802,208.056,126963.17,112011.65,112611.92,0.32
2022-02-15,225.0,225.0,222.84,218.87,97733.45,-4.66,-2.05,222.474,215.117,207.446,132815.69,112902.73,115993.84,0.5
2022-02-14,229.88,231.88,227.5,224.0,141552.73,2.07,0.92,219.982,213.496,206.365,127556.15,113511.2,115687.49,0.72
2022-02-11,221.2,230.5,225.43,221.16,156914.23,1.43,0.64,216.644,211.476,205.345,120369.08,111261.5,115608.75,0.8
2022-02-10,212.97,225.18,224.0,210.8,176478.56,11.4,5.36,212.87,208.999,204.463,117472.81,111133.22,111258.61,0.9
2022-02-09,209.51,215.1,212.6,206.8,91399.46,2.22,1.05,208.81,205.987,203.768,97060.12,104854.02,107098.53,0.47
2022-02-08,210.74,212.49,210.38,204.96,71435.79,-0.43,-0.2,207.76,203.589,203.848,92989.77,104903.6,107275.49,0.37
2022-02-07,214.6,217.0,210.81,208.37,105617.34,4.25,2.06,207.01,201.622,204.032,99466.24,107613.74,109275.43,0.54
2022-01-28,206.75,214.48,206.56,203.4,142432.91,2.86,1.4,206.308,199.584,204.462,102153.92,118190.59,107079.12,0.73
2022-01-27,207.0,208.5,203.7,201.62,74415.1,-3.65,-1.76,205.128,198.977,205.009,104793.63,113644.31,102932.47,0.38
2022-01-26,207.35,209.0,207.35,203.37,71047.69,0.72,0.35,203.164,199.31,205.623,112647.91,113212.19,102999.87,0.36
2022-01-25,205.01,210.86,206.63,204.7,103818.17,-0.67,-0.32,199.418,199.775,206.392,116817.43,119084.95,104170.8,0.53
2022-01-24,204.0,209.98,207.3,202.2,119055.71,6.64,3.31,196.234,199.233,207.06,115761.25,117863.77,103176.25,0.61
2022-01-21,197.0,203.0,200.66,196.8,155631.48,6.78,3.5,192.86,199.214,207.59,134227.26,119956.01,103138.56,0.8
2022-01-20,188.03,194.77,193.88,187.02,113686.5,5.26,2.79,192.826,199.926,208.075,122494.99,111384.0,99319.98,0.58
2022-01-19,189.2,191.66,188.62,185.12,91895.28,-2.09,-1.1,195.456,201.549,208.981,113776.48,109343.04,97589.72,0.47
2022-01-18,191.99,192.95,190.71,188.0,98537.26,0.28,0.15,200.132,204.107,210.3,121352.46,109647.39,95554.38,0.5
2022-01-17,190.0,196.04,190.43,187.79,211385.8,-10.06,-5.02,202.232,206.442,211.39,119966.3,110937.11,94533.43,1.08
2022-01-14,205.5,205.5,200.49,200.2,96970.09,-6.54,-3.16,205.568,209.34,212.732,105684.76,95967.64,88761.39,0.5
2022-01-13,212.91,213.66,207.03,206.65,70093.96,-4.97,-2.34,207.026,211.041,213.96,100273.01,92220.64,87562.99,0.36
2022-01-12,201.0,213.79,212.0,201.0,129775.21,10.79,5.36,207.642,211.936,214.773,104909.61,92787.55,87955.52,0.66
2022-01-11,204.03,205.88,201.21,200.0,91606.45,-5.9,-2.85,208.082,213.008,215.573,97942.32,89256.65,85635.69,0.47
2022-01-10,204.0,207.8,207.11,194.28,139978.09,-0.67,-0.32,210.652,214.887,216.973,101907.91,88488.73,86309.22,0.72
2022-01-07,209.98,212.6,207.78,206.9,69911.35,-2.33,-1.11,213.112,215.966,218.101,86250.52,86321.12,86100.13,0.36
2022-01-06,211.12,213.9,210.11,207.5,93276.94,-4.09,-1.91,215.056,216.223,219.131,84168.27,87255.96,94696.05,0.48
2022-01-05,214.1,218.5,214.2,211.53,94938.75,0.14,0.07,216.23,216.413,219.399,80665.5,85836.4,95079.06,0.49
2022-01-04,221.68,222.47,214.06,210.59,111434.43,-5.35,-2.44,217.934,216.493,219.339,80570.99,81461.37,95418.17,0.57
2021-12-31,219.34,221.5,219.41,216.66,61691.15,1.91,0.88,219.122,216.337,219.235,75069.55,78129.75,99752.72,0.32
2021-12-30,215.76,220.23,217.5,215.48,59500.06,1.52,0.7,218.82,216.124,218.468,86391.71,81555.13,102968.06,0.3
2021-12-29,222.0,222.79,215.98,214.49,75763.11,-6.74,-3.03,217.39,216.879,217.684,90343.66,82905.35,103132.13,0.39
2021-12-28,220.0,225.86,222.72,219.21,94466.21,2.72,1.24,216.596,217.61,217.029,91007.3,83123.5,104047.54,0.48
2021-12-27,217.0,220.99,220.0,216.28,83927.23,2.1,0.96,215.052,218.138,216.166,82351.74,82014.73,105140.37,0.43
2021-12-24,210.0,219.47,217.9,206.0,118301.93,7.55,3.59,213.552,219.058,215.331,81189.96,84129.71,110992.78,0.61
2021-12-23,213.03,213.99,210.35,209.07,79259.8,-1.66,-0.78,213.428,220.236,215.002,76718.55,85879.14,109651.0,0.41
2021-12-22,217.88,218.99,212.01,210.6,79081.32,-2.99,-1.39,216.368,222.039,215.074,75467.04,102136.13,114677.58,0.41
2021-12-21,214.6,217.14,215.0,213.58,51188.42,2.5,1.18,218.624,222.384,215.523,75239.69,104321.73,114460.64,0.26
2021-12-20,212.0,217.0,212.5,211.81,78118.31,-4.78,-2.2,221.224,222.184,215.798,81677.72,109374.97,117938.24,0.4
2021-12-17,224.88,224.88,217.28,217.01,95944.92,-7.77,-3.45,224.564,222.133,216.351,87069.46,121375.69,118918.42,0.49
2021-12-16,224.88,225.88,225.05,220.2,73002.21,1.76,0.79,227.044,220.811,216.752,95039.72,124380.99,116689.98,0.37
2021-12-15,227.93,229.5,223.29,223.29,77944.6,-4.71,-2.07,227.71,218.488,216.705,128805.22,123358.91,117031.26,0.4
2021-12-14,226.9,230.5,228.0,226.0,83378.58,-1.2,-0.52,226.144,216.448,217.062,133403.77,124971.58,115807.6,0.43
2021-12-13,231.0,234.8,229.2,228.0,105077.01,-0.48,-0.21,223.144,214.193,217.362,137072.22,128266.0,116289.79,0.54
2021-12-10,226.03,231.5,229.68,226.0,135796.19,1.3,0.57,219.702,211.603,217.396,155681.91,137855.86,116213.63,0.7
2021-12-09,215.9,230.04,228.38,215.0,241829.73,12.92,6.0,214.578,209.767,217.09,153722.25,133422.86,114826.18,1.24
2021-12-08,212.5,216.23,215.46,210.18,100937.32,2.46,1.16,209.266,208.109,217.111,117912.59,127219.02,105899.52,0.52
2021-12-07,211.6,214.57,213.0,209.1,101720.85,1.01,0.48,206.752,208.662,217.694,116539.39,124599.55,104199.57,0.52
2021-12-06,209.16,213.6,211.99,207.0,198125.44,7.93,3.89,205.242,209.412,218.425,119459.78,126501.5,102520.98,1.01
2021-12-03,202.13,204.38,204.06,197.2,125997.93,2.24,1.11,203.504,210.569,219.296,120029.81,116461.16,97522.07,0.65
2021-12-02,202.5,204.8,201.82,201.81,62781.43,-1.07,-0.53,204.956,212.693,220.632,113123.47,108998.98,95125.75,0.32
2021-12-01,204.0,206.0,202.89,201.31,94071.3,-2.56,-1.25,206.952,214.921,222.224,136525.45,110703.61,97795.61,0.48
2021-11-30,204.0,209.89,205.45,204.0,116322.8,2.15,1.06,210.572,217.676,223.495,132659.72,106643.62,102119.27,0.6
2021-11-29,204.98,209.0,203.3,201.28,200975.59,-8.02,-3.79,213.582,220.531,224.366,133543.22,104313.58,120156.99,1.03
2021-11-26,210.85,213.87,211.32,207.0,91466.24,-0.48,-0.23,217.634,223.189,226.282,112892.5,94571.4,114910.91,0.47
2021-11-25,220.0,221.1,211.8,211.5,179791.34,-9.19,-4.16,220.43,224.413,229.139,104874.49,96229.5,114416.42,0.92
2021-11-24,220.0,221.69,220.99,218.56,74742.61,0.49,0.22,222.89,226.113,231.773,84881.77,84580.02,108879.75,0.38
2021-11-23,224.0,225.6,220.5,218.18,120740.34,-3.06,-1.37,224.78,226.725,233.623,80627.53,83799.59,107920.11,0.62
2021-11-22,224.1,226.5,223.56,222.5,97721.99,-1.74,-0.77,227.48,227.437,235.848,75083.94,78540.45,104448.25,0.5
2021-11-19,224.0,226.68,225.3,223.38,51376.19,1.2,0.54,228.744,228.023,237.894,76250.3,78582.99,103290.25,0.26
2021-11-18,228.45,228.5,224.1,223.9,79827.73,-6.34,-2.75,228.396,228.571,240.079,87584.51,81252.51,106206.35,0.41
2021-11-17,232.3,233.31,230.44,229.66,53471.4,-3.56,-1.52,229.336,229.527,241.724,84278.26,84887.61,105554.99,0.27
2021-11-16,230.0,236.0,234.0,228.51,93022.4,4.12,1.79,228.67,229.313,243.177,86971.64,97594.91,106515.0,0.48
2021-11-15,228.94,230.0,229.88,223.0,103553.77,6.32,2.83,227.394,228.201,244.433,81996.96,136000.4,104987.41,0.53
2021-11-12,233.31,233.48,223.56,222.03,108047.23,-5.24,-2.29,227.302,229.374,245.931,80915.67,135250.42,104337.3,0.55
2021-11-11,226.0,231.18,228.8,225.0,63296.51,1.69,0.74,228.746,233.864,248.23,74920.51,132603.35,103557.24,0.32
2021-11-10,228.61,228.77,227.11,222.77,66938.29,-0.51,-0.22,229.718,237.432,250.445,85496.96,133179.48,105031.02,0.34
2021-11-09,231.66,231.66,227.62,225.4,68148.99,-1.8,-0.79,229.956,240.521,252.999,108218.19,132040.64,107190.43,0.35
2021-11-08,230.9,236.6,229.42,228.51,98147.35,-1.36,-0.59,229.008,244.259,254.978,190003.84,130356.05,108100.97,0.5
2021-11-05,235.15,235.5,230.78,230.08,78071.41,-2.88,-1.23,231.446,247.764,256.682,189585.17,127997.52,109209.83,0.4
2021-11-04,230.85,236.65,233.66,230.7,116178.74,5.36,2.35,238.982,251.586,258.658,190286.19,131160.2,113220.92,0.6
2021-11-03,224.88,229.85,228.3,222.9,180544.45,5.42,2.43,245.146,253.92,259.975,180862.0,126222.37,115893.35,0.92
2021-11-02,230.0,233.0,222.88,217.95,477077.25,-18.73,-7.75,251.086,257.04,261.124,155863.09,115435.09,110916.98,2.44
2021-11-01,246.24,247.0,241.61,241.61,96054.0,-26.85,-10.0,259.51,260.664,262.679,70708.26,73974.43,91630.75,0.49
2021-10-29,262.08,271.5,268.46,262.0,81576.49,3.98,1.5,264.082,262.487,263.435,66409.86,73424.18,95116.43,0.42
2021-10-28,257.25,266.6,264.48,256.83,69057.81,6.48,2.51,264.19,262.596,262.362,72034.2,74511.13,97921.92,0.35
2021-10-27,262.0,262.0,258.0,257.65,55549.89,-7.0,-2.64,262.694,263.457,260.868,71582.75,76882.55,99304.0,0.28
2021-10-26,265.0,270.47,265.0,263.33,51303.1,0.53,0.2,262.994,265.477,259.874,75007.08,82340.22,100847.9,0.26
2021-10-25,266.03,267.93,264.47,261.06,74562.03,-4.53,-1.68,261.818,265.697,259.099,77240.59,85845.9,104273.27,0.38
2021-10-22,258.94,272.56,269.0,257.55,109698.19,12.0,4.67,260.892,265.6,257.943,80438.49,90422.14,106991.97,0.56
2021-10-21,258.0,260.97,257.0,254.23,66800.52,-2.5,-0.96,261.002,265.73,256.242,76988.05,95281.65,107501.91,0.34
2021-10-20,264.35,266.77,259.5,256.3,72671.57,0.38,0.15,264.22,266.03,255.734,82182.36,105564.34,109194.59,0.37
2021-10-19,259.38,264.5,259.12,258.0,62470.65,-0.72,-0.28,267.96,265.208,255.322,89673.35,106398.88,112886.53,0.32
2021-10-18,268.55,268.55,259.84,256.01,90551.51,-9.71,-3.6,269.576,264.694,255.116,94451.21,109287.07,116252.56,0.46
2021-10-15,273.0,273.0,269.55,263.66,92446.02,-3.54,-1.3,270.308,264.382,254.377,100405.8,116808.69,115422.78,0.47
2021-10-14,277.0,279.37,273.09,269.23,92772.06,-5.11,-1.84,270.458,262.127,253.366,113575.25,121332.72,115697.09,0.48
2021-10-13,266.0,278.68,278.2,263.02,110126.53,11.0,4.12,267.84,258.278,252.19,128946.31,121725.45,118330.99,0.56
2021-10-12,265.69,269.72,267.2,261.69,86359.91,3.7,1.4,262.456,254.27,250.43,123124.41,119355.58,121685.21,0.44
2021-10-11,270.3,276.19,263.5,262.38,120324.46,-6.8,-2.52,259.812,252.5,248.89,124122.93,122700.64,124150.91,0.62
2021-10-08,272.0,275.4,270.3,267.01,158293.28,10.3,3.96,258.456,250.286,247.117,133211.58,123561.79,125479.2,0.81
2021-09-30,262.0,266.0,260.0,255.62,169627.36,8.72,3.47,253.796,246.753,245.417,129090.18,119722.17,125303.57,0.87
2021-09-29,249.87,253.7,251.28,244.44,81017.06,-2.7,-1.06,248.716,245.438,243.831,114504.59,112824.85,127198.52,0.41
2021-09-28,255.0,256.77,253.98,246.6,91352.49,-2.74,-1.07,246.084,245.435,243.242,115586.75,119374.18,128644.55,0.47
2021-09-27,248.0,262.17,256.72,247.6,165767.69,9.72,3.94,245.188,245.537,242.555,121278.35,123218.05,128223.83,0.85
2021-09-24,233.03,250.73,247.0,232.0,137686.31,12.4,5.29,242.116,244.372,241.976,113912.0,114036.88,124622.2,0.71
2021-09-23,234.0,238.97,234.6,233.08,96699.38,-3.52,-1.48,239.71,244.605,241.973,110354.16,110061.47,124736.33,0.5
2021-09-22,245.0,248.0,238.12,236.36,86427.89,-11.38,-4.56,242.16,246.101,242.248,111145.11,114936.54,125317.76,0.44
2021-09-17,238.03,252.0,249.5,233.08,119810.46,8.14,3.37,244.786,246.589,241.947,123161.62,124014.84,126718.17,0.61
2021-09-16,233.0,241.79,241.36,228.48,128935.98,6.39,2.72,245.886,245.279,240.885,125157.74,125601.19,128545.97,0.66
2021-09-15,245.01,245.7,234.97,232.4,119897.11,-11.88,-4.81,246.628,243.948,240.622,114161.75,127396.61,128382.12,0.61
2021-09-14,251.3,256.66,246.85,246.08,100654.09,-4.4,-1.75,249.5,244.08,240.659,109768.78,130884.96,131721.3,0.52
2021-09-13,252.18,265.0,251.25,250.01,146510.44,-3.75,-1.47,250.042,242.224,240.566,118727.98,141572.2,135410.95,0.75
2021-09-10,243.18,255.58,255.0,243.18,129791.1,9.93,4.05,248.392,241.049,241.145,124868.07,137914.92,134857.2,0.66
2021-09-09,248.66,250.6,245.07,243.1,73956.01,-4.26,-1.71,244.672,239.572,241.278,126044.63,133229.62,132311.73,0.38
2021-09-08,249.59,250.98,249.33,246.05,97932.24,-0.23,-0.09,241.268,239.579,241.678,140631.47,135207.53,132928.79,0.5
2021-09-07,243.5,252.1,249.56,243.04,145450.09,6.56,2.7,238.66,239.34,242.162,152001.14,139411.18,133105.69,0.74
2021-09-06,236.68,245.7,243.0,231.51,177210.92,6.6,2.79,234.406,238.394,243.051,164416.43,135698.98,133690.74,0.91
2021-09-03,226.0,237.0,236.4,222.5,135673.89,8.35,3.66,233.706,237.304,243.921,150961.76,129421.49,132872.54,0.69
2021-09-02,239.0,241.87,228.05,227.07,146890.22,-8.24,-3.49,234.472,236.491,244.701,140414.61,131490.76,130785.8,0.75
2021-09-01,228.79,240.17,236.29,224.0,154780.59,8.0,3.5,237.89,237.295,246.049,129783.59,129367.62,129786.92,0.79
2021-08-31,240.41,240.68,228.29,221.0,207526.52,-11.21,-4.68,240.02,237.238,246.984,126821.22,132557.64,129088.3,1.06
2021-08-30,242.3,243.2,239.5,233.2,109937.57,-0.73,-0.3,242.382,238.907,248.263,106981.52,129249.7,128790.89,0.56
2021-08-27,242.0,246.0,240.23,238.18,82938.15,-4.91,-2.0,240.902,241.241,248.256,107881.23,131799.49,136642.42,0.42
2021-08-26,247.0,247.0,245.14,237.0,93735.1,-1.8,-0.73,238.51,242.983,248.294,122566.9,131393.83,141800.69,0.48
2021-08-25,242.0,253.86,246.94,239.64,139968.77,6.84,2.85,236.7,243.777,248.938,128951.66,130650.05,144185.52,0.72
2021-08-24,234.28,241.18,240.1,231.58,108328.03,8.0,3.45,234.456,244.983,249.133,138294.05,126800.2,144049.53,0.55
2021-08-23,232.0,236.99,232.1,229.03,114436.09,3.83,1.68,235.432,247.708,249.828,151517.87,131682.51,145328.45,0.59
2021-08-20,235.12,235.12,228.27,224.14,156366.52,-7.82,-3.31,241.58,250.538,251.372,155717.76,136323.59,149261.77,0.8
2021-08-19,235.74,241.48,236.09,229.92,125658.88,0.37,0.16,247.456,252.911,253.842,140220.76,130080.85,146720.12,0.64
2021-08-18,246.57,247.26,235.72,232.99,186680.73,-9.26,-3.78,250.854,254.802,256.136,132348.44,130206.23,145475.31,0.96
2021-08-17,263.33,267.96,244.98,243.72,174447.12,-17.86,-6.79,255.51,256.73,258.584,115306.35,125618.97,142702.21,0.89
2021-08-16,259.0,268.45,262.84,257.0,135435.53,5.19,2.01,259.984,257.619,261.008,111847.14,128332.08,141044.55,0.69
2021-08-13,251.51,259.5,257.65,251.0,78881.55,4.57,1.81,259.496,255.27,262.377,116929.43,141485.36,141652.05,0.4
2021-08-12,255.0,258.48,253.08,251.51,86297.27,-5.92,-2.29,258.366,253.605,263.244,119940.94,152207.54,143412.82,0.44
2021-08-11,267.5,268.57,259.0,257.98,101470.27,-8.35,-3.12,258.75,254.098,264.837,128064.01,157721.0,142716.21,0.52
2021-08-10,258.0,268.0,267.35,251.44,157151.09,6.95,2.67,257.95,253.282,266.002,135931.6,161298.86,143069.44,0.8
2021-08-09,252.02,268.79,260.4,252.02,160846.98,8.4,3.33,255.254,251.947,267.074,144817.02,158974.39,142713.14,0.82
2021-08-06,251.0,255.4,252.0,247.67,93939.11,-3.0,-1.18,251.044,252.205,268.339,166041.28,162199.95,144835.58,0.48
2021-08-05,255.8,264.0,255.0,250.02,126912.62,0.0,0.0,248.844,254.773,268.997,184474.14,163359.39,145502.53,0.65
2021-08-04,254.89,259.0,255.0,248.94,140808.19,1.13,0.45,249.446,257.469,269.716,187377.98,160744.4,145893.16,0.72
2021-08-03,236.36,255.36,253.87,235.74,201578.2,14.52,6.07,248.614,260.438,270.716,186666.12,159785.44,145707.34,1.03
2021-08-02,227.9,241.4,239.35,224.13,266968.28,-1.65,-0.69,248.64,264.396,272.098,173131.76,153757.02,141500.98,1.37
2021-07-30,253.0,254.44,241.0,240.5,186103.42,-17.01,-6.59,253.366,269.483,274.125,158358.63,141818.73,132720.56,0.95
2021-07-29,255.15,265.5,258.01,255.02,141431.8,7.17,2.86,260.702,272.883,276.129,142244.63,134618.09,132209.81,0.72
2021-07-28,250.1,259.67,250.84,245.0,137248.92,-3.16,-1.24,265.492,275.575,278.229,134110.82,127711.43,129571.8,0.7
2021-07-27,261.2,265.02,254.0,252.99,133906.36,-8.98,-3.42,272.262,278.721,280.692,132904.76,124840.02,126111.53,0.69
2021-07-26,274.0,274.0,262.98,256.0,193102.64,-14.7,-5.29,280.152,282.2,283.079,134382.29,126451.89,124588.91,0.99
2021-07-23,281.95,283.0,277.68,273.53,105533.45,-4.28,-1.52,285.6,284.472,285.322,125278.84,127471.21,119954.83,0.54
2021-07-22,282.09,292.0,281.96,279.01,100762.74,-2.73,-0.96,285.064,283.22,286.273,126991.55,127645.68,119664.1,0.52
2021-07-21,295.1,297.67,284.69,284.58,131218.62,-8.76,-2.98,285.658,281.963,286.884,121312.04,131041.93,119774.3,0.67
2021-07-20,290.5,296.67,293.45,287.88,141293.98,3.23,1.11,285.18,280.994,287.494,116775.27,131629.25,121540.89,0.72
2021-07-19,274.48,290.22,290.22,269.0,147585.41,15.22,5.54,284.248,279.799,287.146,118521.49,129244.94,120524.98,0.76
2021-07-16,285.0,286.35,275.0,274.8,114096.98,-9.93,-3.48,283.344,278.766,286.734,129663.58,123622.39,120448.05,0.58
2021-07-15,281.0,286.66,284.93,279.01,72365.23,2.63,0.93,281.376,279.375,287.358,128299.81,129801.52,121240.73,0.37
2021-07-14,288.69,288.69,282.3,280.94,108534.75,-6.49,-2.25,278.268,280.882,287.412,140771.81,131432.17,123633.69,0.56
2021-07-13,287.46,299.0,288.79,286.0,150025.09,3.09,1.08,276.808,282.662,287.782,146483.22,127383.05,123503.44,0.77
2021-07-12,271.0,287.0,285.7,264.12,203295.83,20.54,7.75,275.35,283.958,288.226,139968.39,122725.93,122531.54,1.04
2021-07-09,267.99,271.78,265.16,264.4,107278.15,-4.23,-1.57,274.188,286.171,289.491,117581.2,112438.45,117006.96,0.55
2021-07-08,276.99,277.83,269.39,268.0,134725.23,-5.61,-2.04,277.374,289.325,291.906,131303.23,111682.53,115448.0,0.69
2021-07-07,275.87,279.93,275.0,272.01,137091.81,-6.5,-2.31,283.496,291.804,294.077,122092.54,108506.67,112272.57,0.7
2021-07-06,283.96,289.07,281.5,275.0,117450.92,1.61,0.57,288.516,293.994,296.196,108282.88,111452.53,109407.32,0.6
2021-07-05,277.5,284.98,279.89,275.5,91359.9,-1.2,-0.43,292.566,294.493,297.971,105483.48,111805.03,107429.61,0.47
2021-07-02,293.3,293.3,281.09,279.0,175888.31,-18.91,-6.3,298.154,294.702,299.954,107295.69,117273.7,107784.17,0.9
2021-07-01,299.0,300.09,300.0,292.6,88671.75,-0.1,-0.03,301.276,295.341,302.192,92061.82,112679.93,102115.71,0.45
2021-06-30,298.18,303.98,300.1,296.08,68043.53,-1.65,-0.55,300.112,293.941,303.457,94920.8,115835.2,101281.66,0.35
2021-06-29,307.93,309.0,301.75,299.01,103453.89,-6.08,-1.98,299.472,292.901,305.158,114622.17,119623.83,102083.82,0.53
2021-06-28,301.0,309.96,307.83,301.0,100420.96,11.13,3.75,296.42,292.494,306.795,118126.58,122337.15,102521.59,0.51
2021-06-25,293.9,299.5,296.7,290.18,99718.96,2.52,0.86,291.25,292.811,308.618,127251.72,121575.47,100915.5,0.51
2021-06-24,301.5,302.45,294.18,288.51,102966.68,-2.72,-0.92,289.406,294.487,311.01,133298.05,119213.48,100146.17,0.53
2021-06-23,289.0,300.27,296.9,288.98,166550.36,10.41,3.63,287.77,296.349,313.301,136749.6,116038.46,99510.01,0.85
2021-06-22,283.0,288.0,286.49,274.3,120975.95,5.51,1.96,286.33,298.397,315.42,124625.48,107362.12,97676.91,0.62
2021-06-21,285.0,285.0,281.98,274.3,146046.64,-5.5,-1.91,288.568,301.448,317.11,126547.72,103054.18,94384.41,0.75
2021-06-18,285.0,287.75,287.48,276.42,129950.6,1.48,0.52,294.372,305.206,318.911,115899.22,98294.64,90669.22,0.67
2021-06-17,289.7,293.94,286.0,283.68,120224.46,-3.7,-1.28,299.568,309.042,320.787,105128.91,91551.5,87931.88,0.62
2021-06-16,300.5,301.0,289.7,288.2,105929.77,-7.98,-2.68,304.928,312.972,322.813,95327.32,86728.12,85577.16,0.54
2021-06-15,310.69,310.69,297.68,295.5,130587.15,-13.32,-4.28,310.464,317.414,324.231,90098.75,84543.81,83035.59,0.67
2021-06-11,314.55,317.0,311.0,305.38,92804.11,-2.46,-0.79,314.328,321.096,325.316,79560.64,82706.03,82731.89,0.48
2021-06-10,311.02,317.37,313.46,310.7,76099.06,0.66,0.21,316.04,324.425,325.245,80690.06,80255.53,84713.52,0.39
2021-06-09,314.3,319.0,312.8,310.96,71216.52,-4.58,-1.44,318.516,327.533,324.322,77974.08,81078.86,85848.09,0.36
2021-06-08,316.74,324.58,317.38,314.47,79786.89,0.38,0.12,321.016,330.252,323.832,78128.93,82981.56,85377.21,0.41
2021-06-07,319.92,319.92,317.0,310.63,77896.63,-2.56,-0.8,324.364,332.442,322.913,78988.86,87991.71,84515.83,0.4
2021-06-04,322.01,325.0,319.56,317.0,98451.21,-6.28,-1.93,327.864,332.771,322.008,85851.42,85714.63,85006.9,0.5
2021-06-03,327.99,331.85,325.84,322.02,62519.16,0.54,0.17,332.81,332.615,320.43,79820.99,83043.8,84520.04,0.32
2021-06-02,336.0,337.4,325.3,324.0,71990.74,-8.82,-2.64,336.55,332.532,318.923,84183.64,84312.26,87970.27,0.37
2021-06-01,331.99,337.31,334.12,328.65,84086.58,-0.38,-0.11,339.488,332.654,318.257,87834.19,84426.2,89388.28,0.43
2021-05-31,342.99,343.99,334.5,329.6,112209.41,-9.79,-2.84,340.52,331.047,317.067,96994.56,81527.38,89610.19,0.57
2021-05-28,342.0,349.28,344.29,339.0,68299.05,-0.25,-0.07,337.678,329.536,315.842,85577.84,82757.74,89135.52,0.35
2021-05-27,339.98,348.3,344.54,337.0,84332.42,4.55,1.34,332.42,326.065,313.977,86266.61,89171.52,90562.29,0.43
2021-05-26,342.0,348.7,339.99,334.9,90243.51,0.71,0.21,328.514,321.111,311.672,84440.88,90617.31,91957.94,0.46
2021-05-25,322.82,339.52,339.28,320.01,129888.39,18.99,5.93,325.82,317.412,309.637,81018.21,87772.85,92784.53,0.67
2021-05-24,318.0,323.0,320.29,313.5,55125.83,2.29,0.72,321.574,313.384,307.473,66060.21,81039.95,93160.4,0.28
2021-05-21,328.54,330.1,318.0,314.02,71742.91,-7.01,-2.16,321.394,311.244,306.391,79937.64,84299.18,94306.53,0.37
2021-05-20,324.56,329.8,325.01,321.0,75203.77,-1.51,-0.46,319.71,308.244,305.141,92076.44,85996.27,96020.52,0.39
2021-05-19,317.37,329.98,326.52,315.12,73130.13,8.47,2.66,313.708,305.313,303.615,96793.74,91628.28,97761.37,0.37
2021-05-18,319.31,322.0,318.05,314.0,55098.4,-1.34,-0.42,309.004,303.86,301.582,94527.49,94350.35,98801.11,0.28
2021-05-17,313.0,322.1,319.39,310.25,124513.0,9.81,3.17,305.194,303.087,299.832,96019.69,97692.99,101130.74,0.64
2021-05-14,297.0,310.0,309.58,293.0,132436.88,14.58,4.94,301.094,302.148,298.273,88660.72,95513.31,107808.4,0.68
2021-05-13,297.99,301.77,295.0,288.1,98790.3,-8.0,-2.64,296.778,301.888,296.086,79916.11,91953.06,112955.59,0.51
2021-05-12,299.39,304.5,303.0,295.01,61798.89,4.0,1.34,296.918,302.232,296.106,86462.81,93298.58,115334.71,0.32
2021-05-11,294.5,301.8,299.0,292.31,62559.37,0.11,0.04,298.716,301.861,296.036,94173.21,97796.21,117014.53,0.32
2021-05-10,289.35,303.0,298.89,289.35,87718.14,10.89,3.78,300.98,301.561,296.7,99366.29,105280.86,118173.05,0.45
2021-05-07,295.03,300.8,288.0,287.53,88713.86,-7.7,-2.6,303.202,301.538,297.35,102365.9,104313.87,118913.07,0.45
2021-05-06,319.0,319.0,295.7,295.7,131523.81,-16.29,-5.22,306.998,302.037,298.81,103990.01,106044.77,121420.72,0.67
2021-04-30,308.08,317.88,311.99,305.0,100350.89,1.67,0.54,307.546,301.917,300.7,100134.34,103894.45,120072.11,0.51
2021-04-29,307.22,316.1,310.32,305.0,88524.75,0.32,0.1,305.006,299.303,301.198,101419.2,103251.86,119518.7,0.45
2021-04-28,306.67,311.49,310.0,295.0,102716.19,3.02,0.98,302.142,296.577,300.986,111195.43,104568.49,120564.78,0.53
2021-04-27,301.55,307.85,306.98,299.02,96834.43,8.54,2.86,299.874,294.397,301.38,106261.85,120103.48,120190.41,0.5
2021-04-26,301.0,309.89,298.44,297.3,112245.43,-0.85,-0.28,297.076,290.284,301.085,108099.52,133958.12,121419.67,0.57
2021-04-23,298.15,303.27,299.29,296.06,106775.2,3.29,1.11,296.288,289.979,301.232,107654.57,137370.84,121929.35,0.55
2021-04-22,297.0,297.9,296.0,283.5,137405.88,-2.66,-0.89,293.6,290.21,301.346,105084.53,136232.86,122820.77,0.7
2021-04-21,288.0,298.69,298.66,287.99,78048.3,5.67,1.94,291.012,291.838,301.681,97941.56,131065.24,121909.2,0.4
2021-04-20,294.21,302.47,292.99,291.58,106022.79,-1.51,-0.51,288.92,293.162,301.882,133945.12,133512.27,124833.26,0.54
2021-04-19,285.58,298.01,294.5,283.85,110020.66,8.65,3.03,283.492,295.583,302.517,159816.72,136796.68,126176.87,0.56
2021-04-16,287.18,288.16,285.85,277.5,93925.01,2.79,0.99,283.67,299.483,303.134,167087.11,136249.77,127419.65,0.48
2021-04-15,286.96,286.96,283.06,278.1,101691.05,-5.14,-1.78,286.82,303.093,304.574,167381.18,135785.54,130210.87,0.52
2021-04-14,260.0,289.38,288.2,260.0,258066.09,22.35,8.41,292.664,305.395,306.53,164188.91,136561.07,132803.58,1.32
2021-04-13,292.82,302.88,265.85,265.85,235380.77,-29.54,-10.0,297.404,308.363,308.363,133079.41,120277.33,120277.33,1.21
2021-04-12,296.01,304.59,295.39,289.0,146372.62,-6.21,-2.06,307.674,313.087,313.087,113776.64,107488.06,107488.06,0.75
2021-04-09,310.0,312.0,301.6,301.04,95395.39,-10.68,-3.42,315.296,315.299,315.299,105412.43,102627.49,102627.49,0.49
2021-04-08,307.5,315.0,312.28,305.53,85729.67,0.38,0.12,319.366,317.256,317.256,104189.9,103660.65,103660.65,0.44
2021-04-07,315.91,316.95,311.9,307.0,102518.6,-5.3,-1.67,318.126,318.085,318.085,108933.22,106649.15,106649.15,0.53
2021-04-06,334.98,334.98,317.2,312.67,138866.91,-16.3,-4.89,319.322,319.322,319.322,107475.26,107475.26,107475.26,0.71
2021-04-02,321.0,337.82,333.5,320.0,104551.59,11.55,3.59,319.853,319.853,319.853,99627.34,99627.34,99627.34,0.54
2021-04-01,308.7,321.95,321.95,306.3,89282.75,15.87,5.18,315.303,315.303,315.303,97985.93,97985.93,97985.93,0.46
2021-03-31,316.25,317.72,306.08,301.53,109446.26,-11.8,-3.71,311.98,311.98,311.98,102337.52,102337.52,102337.52,0.56
2021-03-30,313.0,325.38,317.88,311.11,95228.77,2.03,0.64,317.88,317.88,317.88,95228.77,95228.77,95228.77,0.49
